id,EAP,HPL,MWS
id02310,0.2173970906004709,0.5462114641131942,0.23639144528633502
id24541,0.7807173694924352,0.09898335029315392,0.12029928021441098
id00134,0.5756688649962884,0.27354037316073443,0.15079076184297682
id27757,0.3968088823462258,0.2992924066784287,0.30389871097534626
id04081,0.5248280444442657,0.15864641812238578,0.31652553743334866
id27337,0.497985517861823,0.3300043851759709,0.172010096962206
id24265,0.7914896919269296,0.12571401764446255,0.08279629042860759
id25917,0.32269881126628036,0.18770277069537075,0.48959841803834847
id04951,0.44259486265570286,0.3683791412251859,0.1890259961191117
id14549,0.47418320915456774,0.19299022886644018,0.3328265619789918
id22505,0.5418463813245257,0.25759701085958475,0.2005566078158903
id24002,0.5564218101915327,0.2273252634292715,0.21625292637919502
id18982,0.44438676969623153,0.10671169322910387,0.4489015370746647
id15181,0.2156085166450084,0.6214378134782402,0.16295366987675086
id21888,0.6009424638485539,0.27917598412752337,0.119881552023923
id12035,0.21512482831332885,0.19786688827892,0.5870082834077511
id17991,0.5761568840738428,0.1641154699503991,0.2597276459757576
id10707,0.7260155284204608,0.15981930536204686,0.11416516621749258
id07101,0.8317586156606191,0.05663443024533511,0.11160695409404571
id00345,0.8377907036586002,0.0819123062891014,0.0802969900522983
id05912,0.4352134157830231,0.38728520342546513,0.17750138079151295
id13443,0.2216777227018678,0.44287013269777853,0.3354521446003544
id09248,0.46536951871524146,0.2261780605278197,0.30845242075693824
id17542,0.33900645611984775,0.48036678222011603,0.1806267616600361
id06995,0.71932075395495,0.14252028595464802,0.13815896009040152
id25159,0.4023043822974529,0.2617871743495873,0.3359084433529598
id25729,0.5752377916226341,0.1344252516610814,0.29033695671628323
id26949,0.3832209861268222,0.40469685369821684,0.21208216017496156
id27191,0.4061807171346102,0.17576658612585017,0.4180526967395396
id07668,0.582848532935391,0.06109072516174071,0.3560607419028676
id02230,0.25218044240145343,0.3968819380298535,0.3509376195686929
id15553,0.4766685455363195,0.322054479920734,0.2012769745429465
id25688,0.35506495582265407,0.17516842999071863,0.469766614186628
id17545,0.7064936633690468,0.22788803526368842,0.0656183013672651
id13929,0.4462047443419985,0.15375093179923005,0.4000443238587718
id12880,0.3363148667568313,0.4785691701246931,0.1851159631184755
id19282,0.6545878234292603,0.09078104481272306,0.25463113175801605
id14690,0.3230411680106031,0.25565940645335233,0.4212994255360448
id17975,0.4209381718509994,0.3195767465895819,0.25948508155941924
id08037,0.5965575724716118,0.3242232234468377,0.07921920408155123
id15412,0.6548389409586272,0.024063040243616995,0.32109801879775624
id25032,0.5686898298909886,0.342345666152463,0.08896450395654817
id27165,0.5372463663566484,0.19114989811462924,0.27160373552872213
id03327,0.30948063798998493,0.3398033002392271,0.35071606177078685
id18515,0.834415685017459,0.08087298822610431,0.08471132675643674
id21003,0.44876064675940786,0.23935944744412554,0.31187990579646646
id23855,0.36659873510125884,0.3346685389151318,0.2987327259836098
id20724,0.43280089646584957,0.23562300455585866,0.33157609897829154
id13303,0.23199205363130582,0.45664847952648085,0.3113594668422135
id16521,0.4576037750210353,0.3477605883817999,0.19463563659716515
id20775,0.6634260247745914,0.12749590225028326,0.2090780729751247
id13029,0.32482220512136845,0.3857193560645096,0.28945843881412225
id14660,0.44174434831546183,0.20567028377823418,0.3525853679063041
id11028,0.4553940193251506,0.23773394042726242,0.3068720402475873
id14180,0.15587444814571225,0.599069753734548,0.24505579811973913
id25860,0.6157731242318978,0.05619380755829954,0.32803306820980327
id11910,0.32524823290839566,0.05898305659618508,0.6157687104954193
id08065,0.49248307685428266,0.10546511788521966,0.402051805260498
id22674,0.7704965355782873,0.10923958929210956,0.12026387512960321
id25018,0.6714050612525175,0.20200636431922456,0.1265885744282588
id10892,0.6164901784396488,0.3225497807823193,0.06096004077803219
id10217,0.5292049784529775,0.10169200038983159,0.36910302115719096
id12996,0.2742267051456851,0.21501947704466767,0.5107538178096475
id18262,0.6035297858900881,0.15259369904734657,0.2438765150625657
id08606,0.6140426066823433,0.13193386757403675,0.25402352574362097
id17233,0.4533785432933165,0.20123554613986147,0.3453859105668224
id00101,0.47203238207164155,0.4116717626291268,0.11629585529923145
id12225,0.4105429634344957,0.23930253475745095,0.3501545018080531
id01364,0.373303845856104,0.4098190205489681,0.21687713359492888
id24973,0.4219168232732535,0.28146115387363946,0.2966220228531068
id25363,0.5352610308381436,0.1605998713250742,0.3041390978367824
id10061,0.4302562381319355,0.21845365431559866,0.35129010755246476
id17673,0.6529383011961108,0.1706324753419955,0.17642922346189432
id13249,0.7023488266397891,0.10057850831746092,0.19707266504274976
id10107,0.31264557574500085,0.04743515188574229,0.6399192723692572
id04403,0.800894756078787,0.12616205553346782,0.07294318838774522
id25728,0.41962188761015334,0.25539274774287,0.32498536464697636
id16184,0.43162067812820826,0.35812083095902614,0.210258490912765
id03438,0.8756016001517658,0.0708079509946303,0.053590448853604436
id22923,0.279674605930078,0.21194759188637158,0.5083778021835504
id08610,0.7653350353791002,0.1454802006365315,0.08918476398436875
id25355,0.33030231156049467,0.38582244931418874,0.28387523912531665
id16916,0.5818419880492154,0.07919497391354713,0.3389630380372379
id12793,0.4962240945202755,0.13187691741952506,0.37189898806019905
id11859,0.18451459422890304,0.15798916723553513,0.6574962385355623
id02434,0.5308624063797689,0.2643599879332072,0.20477760568702447
id27703,0.33309448922045787,0.1544981072100271,0.5124074035695152
id25212,0.6317489586467888,0.08632022352947946,0.2819308178237315
id11308,0.1802361485105644,0.3693164877201838,0.4504473637692521
id26094,0.4518096380864819,0.2771747978406494,0.27101556407286864
id22080,0.7289524223927528,0.1500043163166769,0.1210432612905709
id03545,0.6575382680540371,0.17296940987388992,0.1694923220720732
id23725,0.37491053709576555,0.1591276103233359,0.46596185258089784
id12009,0.8376932211552262,0.06972954180455718,0.09257723704021664
id24241,0.3400319782059042,0.3699190733473212,0.2900489484467751
id03596,0.36271756676674394,0.383552532497593,0.25372990073566365
id10749,0.5200107274802677,0.2743350098804723,0.20565426263926048
id22794,0.3263086545091125,0.4642685666315803,0.2094227788593063
id15482,0.5854992976351321,0.05267000053127885,0.36183070183358945
id04833,0.21389332203884415,0.697944890305314,0.08816178765584172
id00397,0.7124413198096912,0.17331108349279975,0.11424759669750836
id14691,0.5213842881587891,0.32846889133233287,0.15014682050887873
id05193,0.21067774491548033,0.40763576018664816,0.38168649489787115
id19541,0.44533221940936835,0.27124813252416946,0.2834196480664623
id22166,0.24612749764443684,0.14612038696703034,0.6077521153885332
id20744,0.4680497636101865,0.1294253451410677,0.40252489124874613
id10392,0.3986108326994023,0.44162897995454153,0.15976018734605552
id00770,0.7239966553286135,0.13942128558480782,0.13658205908657958
id06018,0.6288557234482625,0.28354704865505925,0.08759722789667819
id15678,0.4847035151593097,0.119553839263732,0.395742645576958
id08305,0.5380969265852519,0.061862604909311024,0.40004046850543695
id08903,0.196418950608716,0.20841238128189726,0.595168668109387
id14752,0.3136124933192964,0.20925848761954735,0.4771290190611552
id12468,0.4948498064336987,0.34443256938201616,0.16071762418428548
id05085,0.39421990995508904,0.47180548467714534,0.13397460536776565
id21993,0.4198235939954927,0.08793400122884251,0.4922424047756648
id15503,0.39264998536000045,0.3494845781483016,0.25786543649169813
id03021,0.5643406873555443,0.22485778965382802,0.21080152299062788
id16123,0.5493270808238429,0.30921672092874886,0.1414561982474079
id19383,0.3173395551946675,0.4920727755854508,0.19058766921988174
id04186,0.7229033624678676,0.08241493438662469,0.19468170314550773
id17954,0.25196649265507276,0.09588606502958286,0.6521474423153449
id12030,0.44340485104719124,0.21327272934753094,0.3433224196052781
id13020,0.5159992931468272,0.3450257353154007,0.13897497153777205
id25327,0.48216548282046734,0.26161051431303217,0.2562240028665011
id16344,0.6576239610215247,0.14107700594756462,0.20129903303091096
id12303,0.8107983938106281,0.09289496403672706,0.09630664215264513
id15017,0.7595196096023484,0.19483762986760228,0.04564276053004952
id22308,0.6552173666936668,0.07879639812888244,0.26598623517745074
id06536,0.5493455449431982,0.14087786519693954,0.30977658985986084
id19797,0.6121633317832261,0.18877914033929466,0.19905752787747913
id06332,0.7129331855718628,0.13908503435045227,0.1479817800776851
id22941,0.5657305276271304,0.16455550935237667,0.26971396302049244
id13547,0.2531588332972176,0.5772692835626773,0.16957188314010505
id06928,0.6111839406463782,0.06056213179838825,0.32825392755523364
id12521,0.1297032953341629,0.3656498374790804,0.5046468671867568
id25716,0.4610339774646057,0.27675910760963474,0.2622069149257595
id27116,0.6076216988471996,0.06055827856589367,0.3318200225869064
id19941,0.4332324579304208,0.38437063119444936,0.18239691087513027
id05711,0.47196722679249764,0.1625812051194046,0.365451568088098
id02097,0.3540568726344035,0.4816277853950563,0.1643153419705403
id03563,0.3019156020000056,0.5320794785214799,0.16600491947851448
id02295,0.44796543283556467,0.5204814819015218,0.031553085262913595
id08179,0.5625246329493453,0.10823458702510584,0.3292407800255498
id05332,0.4596913749397637,0.43575268473017487,0.10455594033006226
id15697,0.2743040741127351,0.3065286267328361,0.4191672991544298
id17026,0.5100233216321054,0.16174793882216032,0.32822873954573417
id04243,0.548769140158476,0.21067921719731403,0.24055164264421025
id13175,0.5960465502155998,0.28759429616729065,0.11635915361711058
id05387,0.1463639241088066,0.14427050754044263,0.7093655683507505
id19989,0.47174942880544873,0.1841493072118194,0.3441012639827322
id25173,0.33962907248987156,0.16168972549482982,0.49868120201529786
id08925,0.3652368919971173,0.17140074839519098,0.4633623596076923
id03034,0.698550623403396,0.13374820269900334,0.1677011738976002
id13272,0.4701808359784324,0.10168660036233138,0.42813256365923663
id07956,0.253179373607139,0.24933528649897005,0.49748533989389043
id02648,0.22201760762455888,0.5007129597683584,0.27726943260708276
id01778,0.241768115982235,0.3503342421446242,0.40789764187314104
id12846,0.697172709676688,0.07839796390839918,0.2244293264149134
id19001,0.530104156173061,0.10108866364997462,0.3688071801769647
id05763,0.4770779411184434,0.19983400953691643,0.32308804934464047
id15590,0.5213159938498729,0.10384655322254137,0.3748374529275857
id04912,0.7535075009846754,0.179180832063175,0.06731166695214999
id21201,0.42571049997336463,0.2947011214410072,0.27958837858562785
id13215,0.5454768796634749,0.09228084574724921,0.3622422745892756
id15612,0.6129997962664107,0.08655925236099156,0.300440951372598
id18501,0.5176386923289825,0.32757914172581637,0.15478216594520092
id07223,0.4269701620922223,0.32490385189452325,0.2481259860132547
id06707,0.3505093639506814,0.40981357921107886,0.2396770568382401
id05238,0.21434803241403108,0.6429768249651289,0.14267514262083963
id00935,0.2542609805721676,0.3539882722413151,0.39175074718651737
id00110,0.5064825516993969,0.19634519106576231,0.2971722572348409
id17476,0.4766200155343855,0.08326840766859242,0.4401115767970224
id15170,0.35430024488069567,0.21263843538708435,0.43306131973222006
id13397,0.18770389037349466,0.036326748257868795,0.7759693613686359
id24283,0.4010384714207447,0.37254644465907877,0.22641508392017676
id15234,0.33288065585364623,0.5844635097402893,0.08265583440606492
id16884,0.43555487843844015,0.3121302852420372,0.2523148363195224
id07831,0.5332554576924867,0.28351954956796577,0.18322499273954798
id16038,0.5645962183837209,0.15780879772389786,0.27759498389238146
id03629,0.2116672288022036,0.14357105002194354,0.6447617211758526
id21019,0.3972251975506783,0.06704369903657453,0.5357311034127473
id21835,0.3685223844739426,0.44951840808773014,0.18195920743832736
id04480,0.6148974643965655,0.16400004092946147,0.22110249467397325
id20838,0.6777284145242178,0.08114399006079526,0.2411275954149869
id24195,0.6877678838943597,0.15132900584597708,0.1609031102596632
id05448,0.2749116830611411,0.28367799571376756,0.44141032122509066
id15957,0.34987793469038075,0.308172346428558,0.34194971888106107
id19956,0.4028438717371136,0.2185207756616688,0.37863535260121817
id15104,0.4802257030878622,0.25173968872134334,0.26803460819079483
id17559,0.40497389528995276,0.45296648884880997,0.14205961586123722
id16839,0.6157896640602762,0.11729047047147614,0.2669198654682482
id14493,0.5032489304156884,0.09928742946435418,0.3974636401199579
id08833,0.6476992562053538,0.09669630247384997,0.2556044413207962
id15723,0.30471004315097977,0.10883160578229907,0.5864583510667211
id02716,0.5001428045958021,0.18321589705671,0.31664129834748866
id06689,0.5544618258610783,0.07117885976691056,0.374359314372011
id18837,0.1886065615889561,0.11300618816137849,0.6983872502496655
id04466,0.6193058735848169,0.2174309568943648,0.16326316952081812
id00686,0.4606942867861523,0.22807661125220494,0.3112291019616433
id09010,0.4478338360924985,0.23946438050444488,0.31270178340305654
id23353,0.7149378450678834,0.06592646719126456,0.2191356877408528
id00066,0.6643919854677429,0.19395681291378478,0.14165120161847194
id15724,0.5523084668433672,0.1214352997219933,0.32625623343463966
id23486,0.46026786315008794,0.15592082112070912,0.3838113157292031
id22258,0.3098574832062593,0.2578743851267141,0.43226813166702716
id02292,0.5642618433363598,0.2673174612056205,0.1684206954580198
id16356,0.1651967821122894,0.39672826213633744,0.4380749557513724
id00235,0.8491094818792092,0.07717670711166127,0.0737138110091294
id25522,0.45230423479346804,0.2549765227414877,0.29271924246504444
id04204,0.5250441932469678,0.23597409374899986,0.238981713004032
id22016,0.3286300226910203,0.2765403800995248,0.3948295972094552
id06480,0.37545428479506127,0.5604185836511663,0.06412713155377217
id08718,0.7894222597832751,0.08308813902917082,0.12748960118755429
id05251,0.41542057729317816,0.4418218753867742,0.14275754732004792
id03359,0.21418158849811175,0.4228277001771792,0.3629907113247087
id16117,0.22288831815731053,0.434085477649287,0.34302620419340263
id17000,0.2903474444345289,0.5804252580550581,0.12922729751041273
id01730,0.4190891298639775,0.34978194954985364,0.23112892058616846
id00630,0.5078842153532875,0.16032090086654666,0.3317948837801656
id18175,0.721504448213026,0.13629214841880138,0.14220340336817258
id00907,0.7995030701228308,0.09875485561994225,0.10174207425722706
id18251,0.5608682816741062,0.22273595202977395,0.21639576629611934
id25861,0.28082330015730356,0.2824121936746088,0.43676450616808776
id00398,0.19550467388335474,0.7326176026998565,0.07187772341678851
id27573,0.579037081954494,0.1754104508919328,0.24555246715357276
id10022,0.5558396226562571,0.1445440790020613,0.29961629834168174
id15901,0.4742531892444675,0.17827394012630893,0.34747287062922305
id00451,0.3069650356494909,0.3657622000350526,0.3272727643154555
id23129,0.6660472629114038,0.17563246930243853,0.1583202677861575
id26498,0.5466324411446647,0.19398782302200243,0.2593797358333328
id14741,0.5413881090122173,0.3420505239724903,0.11656136701529156
id18453,0.3976226810755779,0.19486468332014892,0.407512635604273
id08309,0.5153142089973252,0.19323524705347003,0.29145054394920517
id00320,0.7212550830372821,0.24256456822914138,0.03618034873357567
id07688,0.5741313813953342,0.11743829583921273,0.3084303227654531
id01556,0.3537527773489298,0.12444456963540326,0.521802653015667
id00178,0.4525349880884959,0.24035499325090637,0.30711001866059723
id18902,0.4151412970033131,0.3209743993734486,0.2638843036232382
id27002,0.29847788430260136,0.5954261082400352,0.10609600745736328
id21418,0.37523783662034416,0.301879185940242,0.322882977439414
id23018,0.1528281766252134,0.1286330185793703,0.7185388047954155
id07032,0.5618721766693738,0.14546629018743046,0.29266153314319626
id16195,0.6626164447983862,0.25785617827807406,0.07952737692354016
id11202,0.3398405567597717,0.44927201404237993,0.21088742919784878
id09578,0.37807924649104285,0.3043164766667461,0.31760427684221104
id26984,0.3658632520814568,0.09908893017360992,0.5350478177449334
id19856,0.4393205684249334,0.08111771120165988,0.47956172037340633
id12086,0.6976071613184128,0.17935131614905223,0.1230415225325346
id12052,0.4148622030254149,0.33323256983791777,0.2519052271366676
id17728,0.28024263274005146,0.5506871424476674,0.16907022481228168
id24608,0.27687765575200474,0.2977021142812816,0.42542022996671347
id21097,0.48014311969764983,0.14099879397326825,0.3788580863290825
id20179,0.4632327892462582,0.2152723910599319,0.3214948196938102
id15144,0.5427625803664478,0.21310998186418403,0.24412743776936807
id00206,0.5271852471629235,0.13098456898679736,0.34183018385027897
id22285,0.4803057542458105,0.12514070682242742,0.39455353893176187
id06417,0.6267973183405019,0.20292233570587884,0.17028034595361927
id00215,0.40334553001750056,0.40947433775477365,0.18718013222772628
id04201,0.5469177107203163,0.11682991925459099,0.3362523700250921
id21771,0.48616300781572724,0.09008941514556655,0.4237475770387068
id12451,0.5137645146390816,0.35992950152901615,0.12630598383190278
id14250,0.44142404708401983,0.28122192848410243,0.27735402443187707
id03433,0.3595284979742961,0.4184022880359602,0.22206921398974305
id03303,0.37506771216618295,0.21755418673525795,0.4073781010985593
id25901,0.6290053121296708,0.1692846495699858,0.20171003830034312
id06945,0.4563425508418719,0.32625380831204387,0.21740364084608413
id05664,0.627484578345816,0.18830644283808087,0.18420897881610346
id05741,0.7305613469612855,0.08839026441116646,0.18104838862754796
id10652,0.6995084456005527,0.1199707862266487,0.18052076817279836
id16300,0.729522385845932,0.09930237367181868,0.17117524048224894
id12319,0.5534465051086652,0.14774151618522238,0.2988119787061122
id07500,0.5418453646334078,0.3318965800389059,0.12625805532768702
id12478,0.355682050622643,0.27751681709144776,0.36680113228590894
id03076,0.32328639814522325,0.23795052104375297,0.43876308081102416
id00969,0.6421204675883884,0.20212864620794782,0.15575088620366373
id23636,0.4267392956411725,0.37086873527384684,0.20239196908498092
id09791,0.5613014924070193,0.12700496440311043,0.3116935431898708
id05680,0.2081692783949325,0.5004169890446513,0.29141373256041486
id03672,0.4645682977452713,0.2998714595388593,0.23556024271586948
id04286,0.27335220125135695,0.5536939871566076,0.17295381159203477
id23883,0.3692990554275314,0.1992405277411335,0.4314604168313352
id11914,0.38893711283264176,0.050747434788295985,0.5603154523790618
id20974,0.5687423628879238,0.25763281554523415,0.17362482156684278
id26125,0.7002481784214769,0.1242191891519755,0.17553263242654743
id15543,0.30605678092096833,0.3909233529360757,0.3030198661429563
id19471,0.5635242045968012,0.19288808628984258,0.24358770911335567
id11503,0.3725019548866254,0.2181419594975554,0.4093560856158195
id09321,0.28154889383068304,0.21348568861107817,0.504965417558239
id25560,0.3087477204981065,0.3528824971162244,0.33836978238566884
id06726,0.5654621981059371,0.09865517296125202,0.33588262893281096
id05709,0.31378696998416855,0.3801147617562448,0.30609826825958636
id09788,0.3349202531504839,0.4666716093102986,0.19840813753921765
id05289,0.885957735817341,0.0766999630730635,0.037342301109595515
id11815,0.3300055813899818,0.1104082191387266,0.5595861994712905
id22422,0.3714947342024636,0.3192667545615496,0.30923851123598606
id25954,0.28996271329285783,0.35467989608523026,0.3553573906219116
id13601,0.3203084725839259,0.4843341430568809,0.19535738435919325
id05677,0.4660612423972047,0.31338238761978426,0.22055636998301092
id10498,0.7180870415276706,0.11421816294353346,0.1676947955287952
id02665,0.4280541053466968,0.24805915203081672,0.3238867426224865
id10114,0.5147124014864546,0.2818054057357087,0.20348219277783666
id26314,0.24223068240501075,0.5686403196649339,0.18912899793005472
id21240,0.1445095471142145,0.15840021030586043,0.6970902425799248
id15569,0.7791480870745302,0.1781403182407021,0.042711594684767665
id25928,0.5947188348882629,0.2783886421058032,0.12689252300593395
id22706,0.22228966785408844,0.09340635587095089,0.6843039762749612
id20877,0.5180930818543722,0.34678825761117305,0.1351186605344546
id04318,0.6022373626560485,0.21479529035494446,0.182967346989007
id18299,0.6912536077822525,0.13400527277311897,0.17474111944462864
id08126,0.3921894309667305,0.46136051096712655,0.14645005806614345
id14293,0.34719674532275036,0.09361548248187847,0.5591877721953716
id12759,0.6001642446918339,0.048134144530282905,0.3517016107778835
id11983,0.6220284215502966,0.24551298884697398,0.13245858960273002
id05580,0.19939590853746392,0.6497569257719736,0.15084716569056256
id25846,0.45652478839591837,0.23504691779872156,0.3084282938053602
id01939,0.800787780027014,0.09133765022015969,0.10787456975282576
id26327,0.49021799646962494,0.2822016038719009,0.2275803996584739
id11068,0.13154817902557525,0.22153822156997255,0.6469135994044516
id08404,0.4944915247861653,0.4114374771292296,0.09407099808460609
id27189,0.6702555779591272,0.07989061716683632,0.24985380487403677
id15119,0.3973715441718736,0.3257887371979328,0.27683971863019335
id26525,0.6595122387127447,0.08363239756095622,0.2568553637262989
id03618,0.43808025700970743,0.4410115890298319,0.12090815396046044
id27220,0.4687321855143686,0.2635327711259095,0.26773504335972087
id18777,0.6344201318145799,0.20738609479729103,0.15819377338812907
id20213,0.7554690799710622,0.14001584077981763,0.10451507924912004
id20403,0.7304879796010638,0.11440986193178967,0.15510215846714745
id03777,0.62373780039409,0.17057449549719164,0.205687704108719
id10595,0.811172156115202,0.08911724460593275,0.0997105992788639
id13816,0.581743571687068,0.09205173577752782,0.3262046925354044
id05667,0.31191530535941675,0.3066135073028282,0.38147118733775526
id24629,0.25637720298938027,0.4747329674877765,0.2688898295228437
id20398,0.3046001572856113,0.20297361258822072,0.49242623012616865
id14108,0.5012988841482192,0.2095685631478282,0.28913255270395277
id06196,0.4154569278932394,0.42132619543680166,0.16321687666995804
id02800,0.7691741140051732,0.10176221690350466,0.12906366909132133
id18732,0.33973644279226095,0.37414012928609797,0.2861234279216408
id11915,0.36320359353593734,0.5196118510754253,0.11718455538863726
id09739,0.7574147160774711,0.12433645940133616,0.11824882452119245
id24672,0.5764532303243552,0.1856939246886931,0.23785284498695133
id00414,0.3267427283810498,0.23193084330991304,0.4413264283090367
id16307,0.13950984359930083,0.16425397435718936,0.6962361820435097
id14043,0.20520707903390933,0.07903636072846533,0.7157565602376261
id00517,0.4422622755891329,0.17665676168045005,0.3810809627304163
id09744,0.40574222394643755,0.4770038908345112,0.11725388521905115
id19257,0.8018583715200382,0.08709526092229661,0.1110463675576657
id15437,0.5743240297873733,0.17840584275615248,0.24727012745647428
id16352,0.44098146293245766,0.29760330028443105,0.2614152367831109
id18849,0.41835138321686155,0.43621114830330904,0.1454374684798297
id19434,0.7102030006118254,0.10612891922606442,0.1836680801621106
id17928,0.541442621789503,0.08586053927638233,0.37269683893411465
id16896,0.5803296070769105,0.1319241695736389,0.28774622334945016
id02135,0.16911758254606563,0.5279025056560396,0.3029799117978949
id15075,0.23301758374771292,0.5512507497568626,0.21573166649542425
id27486,0.38412984449689574,0.20317287900008107,0.412697276503022
id19422,0.6047669324159415,0.3484309562326383,0.04680211135142097
id09603,0.4867245276102407,0.2492365335704571,0.2640389388193022
id02133,0.4600170803356076,0.3400121991158399,0.1999707205485528
id03441,0.6215026562341677,0.24351744327251196,0.13497990049332106
id02398,0.46487883305944055,0.2854218392895901,0.2496993276509699
id05152,0.2979594607706675,0.3181342612112845,0.38390627801804866
id17838,0.3612149989537773,0.26231050459448957,0.3764744964517335
id25060,0.3698939392754209,0.2897572609367968,0.34034879978778265
id09998,0.32851986955518103,0.4036124972132761,0.26786763323154245
id01828,0.7337762512049235,0.04935623853183479,0.21686751026324122
id25377,0.47617149784426466,0.30432093201499055,0.21950757014074473
id22175,0.30880444803359186,0.28695313929520716,0.40424241267120076
id02974,0.405033353273821,0.2368578073059599,0.35810883942021865
id26955,0.5292340723611664,0.13217626781168504,0.3385896598271475
id21091,0.1649946603099314,0.33033816643785563,0.504667173252214
id12802,0.41532690036351294,0.39797061981590837,0.18670247982057891
id07432,0.33371983637245234,0.5519570554823352,0.11432310814521211
id18749,0.18636769148294424,0.15878762896944826,0.6548446795476071
id15030,0.6586313689077802,0.10918035536750186,0.23218827572471765
id17155,0.7956719765642706,0.13664945871694872,0.06767856471878128
id08128,0.49566991743592376,0.26863396474660944,0.2356961178174665
id25706,0.5773127356159213,0.11753951089814599,0.3051477534859328
id15645,0.39953724182924355,0.5004908866203428,0.09997187155041365
id04943,0.3265902888397555,0.45668089238603027,0.21672881877421432
id27566,0.40163673602384947,0.23417496326969417,0.36418830070645675
id11765,0.3388062779867081,0.3705408463917426,0.29065287562154996
id13783,0.2778947902792847,0.22355843588895713,0.4985467738317581
id00492,0.7035180438599276,0.058500524037070976,0.23798143210300124
id27636,0.5893077275855286,0.16069520590486608,0.24999706650960496
id04273,0.4154947267266965,0.31491824419598863,0.269587029077314
id02537,0.3398345605303534,0.36848311004858936,0.29168232942105765
id24349,0.38476859793340495,0.17593694116486697,0.43929446090172847
id00023,0.6367521355949447,0.15513082526462996,0.20811703914042515
id23025,0.5751596128970787,0.18902459403047783,0.23581579307244352
id08722,0.835181053077074,0.03321971639067769,0.13159923053224826
id02420,0.4298156617007204,0.37355739037065183,0.19662694792862742
id10811,0.5511156380657899,0.10286894943071223,0.3460154125034978
id04019,0.31912606156226486,0.4790717326959332,0.20180220574180155
id18334,0.5826440151949377,0.3632551216810263,0.05410086312403628
id16781,0.7732659704267215,0.11511892765262541,0.1116151019206532
id08773,0.4896348827448791,0.24004280390618002,0.270322313348941
id19214,0.7488760626997387,0.13011636387734965,0.12100757342291121
id09589,0.34123320639275384,0.17320014967302075,0.48556664393422516
id24246,0.4602834459408771,0.22251501188791029,0.31720154217121205
id23577,0.4955100495648095,0.15317855688030124,0.35131139355488866
id09305,0.5404790575556568,0.2680508516929571,0.19147009075138594
id16460,0.590424276587849,0.29402520745854954,0.11555051595360151
id21115,0.42639269737790786,0.27504035719282605,0.2985669454292666
id25996,0.5747365194723129,0.0737377614059602,0.35152571912172703
id02551,0.2481403890219652,0.15419784679181597,0.597661764186219
id19352,0.33872978626245975,0.2638733187928836,0.3973968949446561
id03806,0.3059910510242384,0.3536366411344976,0.3403723078412647
id26544,0.7029123029989016,0.18511226504637937,0.11197543195471918
id18761,0.6996566969238307,0.17173496512683228,0.12860833794933663
id24148,0.5336065552862316,0.3064676853080686,0.15992575940569817
id16095,0.2900272578162037,0.3058041984240073,0.4041685437597888
id18442,0.8156371174291077,0.04549657855274635,0.1388663040181461
id22596,0.3305512668512053,0.3266211030021007,0.3428276301466934
id23002,0.5882023986704852,0.2981486069766972,0.1136489943528177
id04797,0.6760897621623627,0.12681071018231357,0.19709952765532163
id06610,0.30255782350483573,0.40686008160349074,0.29058209489167414
id16173,0.4784795786925985,0.18573442447752625,0.33578599682987514
id18292,0.3993445233671757,0.25554390378762226,0.34511157284520183
id27328,0.4087705301241892,0.4133845687737151,0.1778449011020957
id01695,0.33010773706526175,0.06293209204961255,0.6069601708851261
id05761,0.5089488921549121,0.10273944316895381,0.38831166467613426
id16354,0.6152555927066783,0.0645201254213352,0.3202242818719866
id12207,0.30035778737178587,0.29487014163292263,0.40477207099529194
id05665,0.48234683386576205,0.22180849903934954,0.29584466709488755
id01911,0.6628100600898581,0.1316166900867702,0.2055732498233717
id19153,0.5799672141604715,0.17288859718301325,0.2471441886565171
id10295,0.6512931475857429,0.17696343457262806,0.1717434178416289
id23038,0.3854880208534769,0.14346195201385226,0.47105002713267136
id23783,0.4263662193122494,0.26388751961197754,0.3097462610757728
id27879,0.6860325665548379,0.16861481178269205,0.14535262166247032
id19190,0.4864579407041519,0.2918821631083624,0.22165989618748547
id05065,0.49058169453983264,0.24803083311793328,0.2613874723422339
id21296,0.339474657465248,0.1820371172262024,0.4784882253085492
id13262,0.5725110907164697,0.060195953286334446,0.36729295599719575
id10333,0.6278835176790084,0.2822557260143943,0.08986075630659622
id16677,0.4937190633916112,0.2291239378779931,0.2771569987303963
id01392,0.3937869148923824,0.1953452931072944,0.41086779200032353
id27874,0.5459641589272121,0.29320014221208496,0.1608356988607025
id02294,0.6025645436617484,0.18494457640420398,0.2124908799340474
id18298,0.21187922881989815,0.5370317404248055,0.2510890307552967
id06997,0.283970798290763,0.151705882530574,0.5643233191786641
id05243,0.09871709674150533,0.8381695634853539,0.06311333977314063
id00860,0.49055626624542015,0.09599906007400776,0.41344467368057264
id26681,0.25301634851962973,0.21910505300138922,0.5278785984789808
id06020,0.3194892553976326,0.5812377089361221,0.09927303566624548
id27683,0.3415192702654192,0.0865546359394521,0.5719260937951283
id17655,0.4751850765205029,0.12139310447530864,0.40342181900418767
id08817,0.42489886086392453,0.4007228957347782,0.17437824340129715
id11512,0.25397604709142885,0.1509961042288662,0.5950278486797048
id00478,0.4378595831893052,0.21610330145848491,0.3460371153522096
id02116,0.5170189133838341,0.20548822940078879,0.2774928572153776
id06746,0.43345468071160126,0.0832481099066021,0.48329720938179654
id03863,0.6613538247498718,0.25757644471918495,0.08106973053094328
id01802,0.35685690529587755,0.3523447583724785,0.2907983363316443
id11682,0.49413937635266036,0.2556367959434738,0.250223827703866
id04033,0.5290357434730373,0.2759740811875262,0.1949901753394368
id09286,0.3255812588466559,0.15016097285984617,0.5242577682934976
id12904,0.62005129933698,0.226641327235106,0.15330737342791428
id07420,0.223041549903065,0.4902055505957872,0.286752899501148
id22398,0.47147785050886454,0.25002634458922784,0.27849580490190756
id00424,0.547716275332331,0.340805935883784,0.11147778878388437
id20960,0.382007417265527,0.5376452692098048,0.08034731352466892
id10267,0.5373075757061838,0.22370223585755822,0.23899018843625752
id19330,0.27677559403659013,0.19014924441832956,0.53307516154508
id00994,0.4102984996960501,0.1765791478615368,0.4131223524424133
id10785,0.2030446102582804,0.20910256064399535,0.5878528290977243
id00955,0.13918325275322213,0.5163594353008905,0.3444573119458868
id09757,0.42113901968903394,0.3560872961806883,0.2227736841302775
id10030,0.35090863932254346,0.22005164225880844,0.4290397184186482
id22952,0.4081109459680703,0.2371306048267113,0.3547584492052181
id21955,0.3886907336874167,0.21350897405635375,0.39780029225622937
id07674,0.565349701918159,0.26453787643080945,0.17011242165103152
id13760,0.45683321013167494,0.17036968288479992,0.37279710698352453
id18166,0.35885292937433094,0.5291506100209604,0.11199646060470873
id23498,0.7148235047017308,0.12051353237454468,0.1646629629237242
id05296,0.29581001102472093,0.37097640711256263,0.3332135818627157
id26709,0.36032833712965806,0.26386076799090413,0.3758108948794374
id02853,0.6432963102970977,0.14227407806998932,0.21442961163291252
id06800,0.294180215296328,0.13093587080463653,0.5748839138990356
id14758,0.6570895022737011,0.2432164651724907,0.09969403255380833
id12356,0.5645789849420574,0.3281812016812826,0.10723981337665893
id21492,0.658730441510224,0.231917064297895,0.10935249419188109
id27540,0.7670702937645049,0.04656113775942701,0.18636856847606764
id07376,0.7218853294009395,0.12173411562938175,0.15638055496967826
id15201,0.33444394821443196,0.3609252960522257,0.3046307557333433
id23388,0.6786123231278542,0.14524843082155528,0.17613924605059128
id13923,0.43673901078265265,0.2147006372614353,0.3485603519559116
id00794,0.5078975636402103,0.17093303625581419,0.32116940010397504
id23910,0.5501154078376691,0.20175590099833035,0.2481286911640007
id02556,0.5497728080429014,0.19984511973338298,0.2503820722237154
id22151,0.6184774808759155,0.21176764461868564,0.1697548745053985
id11698,0.4981217843332657,0.22136860791059912,0.28050960775613487
id11627,0.7613072384796996,0.10947634495235456,0.12921641656794497
id06340,0.4582459610683275,0.3950131077161189,0.14674093121555404
id05123,0.6374298686016013,0.23246487564902024,0.1301052557493783
id26620,0.5314563923447786,0.16659718614194957,0.3019464215132719
id04002,0.7813805625361745,0.09336193408633789,0.1252575033774883
id26554,0.2645272768794128,0.4264032777133253,0.30906944540726244
id18012,0.3029707679389248,0.28202684918900056,0.4150023828720745
id12964,0.474239435870187,0.279543610667852,0.24621695346196115
id18965,0.41713508375864505,0.29663857218848044,0.2862263440528748
id19082,0.5606106569608393,0.2077787609829489,0.23161058205621163
id26742,0.4408858678949176,0.08682826155727531,0.4722858705478056
id15442,0.6854084068808957,0.15637758106917818,0.15821401204992583
id16647,0.5134132196102406,0.09081231586810717,0.39577446452165205
id11544,0.4942680860907963,0.2086083147982536,0.2971235991109501
id20581,0.330034403146673,0.314733497299488,0.35523209955383894
id13192,0.5829660030513556,0.20437721894039843,0.21265677800824503
id15814,0.3476850084683988,0.2313283419901227,0.42098664954147924
id26279,0.40915789464432917,0.28039226581718907,0.3104498395384816
id00240,0.5924302143751333,0.15918093133963693,0.24838885428522986
id22836,0.6326202714839708,0.21245284085736665,0.15492688765866192
id15085,0.4585229594822097,0.30280025561151047,0.23867678490627978
id17495,0.4948413245609518,0.260942099607738,0.24421657583130973
id26762,0.6786697993267741,0.20696261731635976,0.11436758335686648
id13685,0.5348694385349575,0.03546762139213878,0.4296629400729037
id16560,0.604217581354766,0.32561439189355224,0.07016802675168246
id17184,0.45612761807232066,0.22854128655378353,0.3153310953738945
id21635,0.37860045448005664,0.32149250476947777,0.29990704075046637
id26751,0.5996846905419104,0.3146766091060994,0.08563870035199016
id12351,0.40584318622868143,0.10909196962822028,0.4850648441430982
id14872,0.367534887378571,0.24323032998466038,0.3892347826367685
id18372,0.6478200781981727,0.15887833844297505,0.19330158335885228
id26851,0.5193032321812246,0.29656502545903607,0.1841317423597393
id22659,0.5989058177790401,0.17811034372556464,0.22298383849539608
id04102,0.3507396855696489,0.15987647711966826,0.4893838373106834
id02353,0.18038558280443973,0.6430570291071309,0.17655738808843036
id26721,0.5346308727928217,0.19624333267837138,0.26912579452880636
id11171,0.613730372577465,0.24335418270458709,0.14291544471794831
id13562,0.41166803429215104,0.23116240628546084,0.3571695594223875
id26425,0.32890729977895294,0.3531028576595493,0.3179898425614979
id26394,0.5784382268821348,0.1295540187239977,0.2920077543938674
id22187,0.6884799984680627,0.14320714622762087,0.16831285530431708
id00422,0.665053991019894,0.239256078798385,0.09568993018172087
id22667,0.3969238955550959,0.30054163095997705,0.30253447348492674
id00911,0.3841211892391386,0.16915524864652268,0.4467235621143387
id17291,0.6546297405497451,0.08106071942673403,0.26430954002352014
id01915,0.4736740614869315,0.33445711226353664,0.1918688262495321
id01434,0.4819660118885369,0.22613916373367626,0.29189482437778613
id01584,0.4232197343203071,0.31338633685159456,0.26339392882809826
id09266,0.5477509166569822,0.3193051655091614,0.1329439178338567
id17494,0.4279374961742106,0.21557609783280846,0.3564864059929807
id24919,0.5625999639184919,0.16220806212310762,0.27519197395840056
id21043,0.34529332088695763,0.1512457994531183,0.5034608796599231
id17796,0.4812088243521712,0.15201529713090473,0.36677587851692406
id02166,0.5035426361977642,0.2941408419721391,0.20231652183009716
id17503,0.5464241941170288,0.16910928459827762,0.2844665212846936
id21203,0.40500841071924726,0.24063070680153426,0.35436088247921804
id25626,0.27857033494983374,0.28118438548416214,0.4402452795660031
id09836,0.2508051790724529,0.11875041104250794,0.6304444098850391
id24202,0.6295756425157212,0.14882508213528067,0.2215992753489974
id27260,0.6889600218309619,0.11197744947765505,0.19906252869138302
id23167,0.6059330675010017,0.3163948810146939,0.07767205148430398
id10393,0.5226330162052268,0.05446539032062162,0.4229015934741513
id01171,0.5132527052255653,0.2836170362833193,0.2031302584911153
id06380,0.2511478059510808,0.18662177004462233,0.5622304240042962
id22686,0.5708489362452112,0.16251970352577388,0.26663136022901396
id26250,0.1558487173908603,0.43532602655155683,0.4088252560575828
id09315,0.26056646881959594,0.5106214440859904,0.22881208709441342
id00886,0.5044547218673594,0.27298520942256654,0.2225600687100739
id03101,0.6291631850364752,0.23523046142866946,0.13560635353485562
id12367,0.3055672530480668,0.2206094853586001,0.4738232615933332
id10770,0.7349803076552585,0.13372827907606144,0.13129141326868007
id14949,0.4686064585901189,0.32234826999036625,0.20904527141951507
id14141,0.44110374731654123,0.45054166727917117,0.10835458540428951
id25417,0.6558335906946059,0.15128263393484914,0.19288377537054482
id26873,0.6092350378810576,0.19006438387595875,0.20070057824298448
id10818,0.4677294232711338,0.05459351517938003,0.4776770615494864
id15146,0.5820649835990638,0.26581300025444277,0.15212201614649368
id23328,0.6545954514907606,0.21719271698009904,0.12821183152914034
id16765,0.5566729023880489,0.13722758412973204,0.3060995134822185
id24383,0.6305967689161373,0.14919071759793864,0.22021251348592333
id21304,0.3568330751613572,0.48379329749535066,0.15937362734329158
id12551,0.6882012812417695,0.15888532576488618,0.15291339299334475
id23274,0.7720919332565195,0.10531994472358282,0.12258812201989722
id08117,0.29836338694463366,0.5087272216283534,0.19290939142701274
id23961,0.3476267037351718,0.17963950158473255,0.4727337946800957
id13865,0.3579149964808226,0.4879650793139986,0.1541199242051785
id22807,0.6277283867069727,0.15393297582085944,0.2183386374721684
id08951,0.22244110424743568,0.1761444867896938,0.6014144089628706
id18684,0.7743393461737214,0.08036439911684588,0.14529625470943244
id25179,0.4237423952138638,0.05559029578918562,0.5206673089969504
id27033,0.7582956184315978,0.060745750876098036,0.1809586306923039
id13977,0.480676744841948,0.3015703265036625,0.21775292865438925
id19337,0.6622438330388978,0.222759248348304,0.11499691861279897
id25764,0.7001659634652679,0.22818159696703216,0.07165243956769914
id16106,0.22595951544712062,0.3187550037867624,0.4552854807661165
id05468,0.46936524997127743,0.17606384415948348,0.35457090586924006
id05241,0.6028640117783878,0.22974907685339652,0.1673869113682164
id10215,0.14364697776310073,0.619483114845159,0.2368699073917401
id23457,0.4649827199349108,0.1503173455035159,0.3846999345615725
id02200,0.46827697818326053,0.3521088581349073,0.17961416368183195
id13714,0.3750051688736601,0.49096764952900795,0.1340271815973319
id20332,0.1855895132195246,0.21182055389769144,0.6025899328827836
id18573,0.5139802184599709,0.1875513898333448,0.298468391706684
id08569,0.5555452800658459,0.13211057208350163,0.312344147850651
id22767,0.8036473574707713,0.08854362726194252,0.10780901526728577
id25390,0.7202472286043473,0.1352340432979795,0.14451872809767422
id09288,0.8135348387386893,0.043120226281107635,0.14334493498020318
id12381,0.3933971575038967,0.5277538280784448,0.07884901441765807
id02895,0.5810376421953272,0.051589073454928455,0.3673732843497442
